Yaw
-128.0976700517437
-150.26078748567596
-156.36192745663493
-132.89576056354394
-112.90196083504036
-136.8872720368345
-137.97967875080744
-146.94900593162242
-153.72141901070626
-149.58983200108318
-148.24679602183204
-150.7076336103288
-158.24693928763554
-161.7549308753093
-155.5973110678231
-147.32100950918783
-153.02991549886337
-151.74739472099964
-145.49401727911956
-139.36930390191475
-132.4867758481724
-128.30227241450893
-129.88035439596203
-132.71789862974538
-130.18938699934083
-133.33652949883253
-135.55499710087557
-145.68266096334048
-147.94981042470914
-147.87370751263063
-157.12317997426868
-140.08843622990548
-136.21769892735145
-150.81109673638306
-156.88007401532386
-156.4954177695267
-149.72948525772566
-151.4010529210896
-162.3940979905681
-153.6428082027203
-147.47691894073478
-163.06046794216343
-165.42820289043667
-168.85741221238627
-171.6901514033471
-159.8897955989931
-162.92263348149555
-159.73149120865946
-151.98172657141401
-158.71166781016777
-161.3172806255774
-159.63147879906026
-148.2080024201959
-135.9575774771635
-126.62230531262085
-140.00880683401908
-157.0652315174503
-156.08495782752277
-170.20416071415985
-168.83896931482724
-154.25296016563257
-152.32949618383103
-149.2894602899204
-143.5647092041644
-146.55088420291418
-152.73150868523635
-160.98684572020682
-158.82907947696475
-148.05199225678965
-153.2149455174458
-158.57949764898444
-160.2419140085381
-168.42424027574418
-168.45473467948736
-154.7561987580609
-152.62216847710826
-147.16328063970644
-149.68940378446047
-167.96746753346514
-172.1674466608256
-164.17090506229184
-158.46441460323527
-167.15728628449742
-172.12683047640675
-160.83250113542664
-151.55014059964572
-155.5235133259004
-157.76586980666764
-157.76941954705723
-163.5718738647988
-157.3431934632527
-140.49600568681083
-129.23731698889702
-132.63002431029713
-142.17875928499885
-153.52602219041944
-154.25411727630097
-160.85783099198304
-156.1644355574801
-141.93316131800452
-136.701322410944
-146.04581492692378
-162.1494517071492
-160.6447468030207
-158.401824823533
-157.49268869397406
-151.529150847242
-155.06599808585105
-159.99911548251944
-154.07503993805412
-146.51817473503098
-153.26094663927262
-154.11270035362668
-148.502014760855
-138.85600695852722
-144.5928904411821
-162.18203250233427
-163.86208616816026
-155.99319529950213
-154.68410325403391
-152.78351436581758
-126.44360692818816
-127.46850234664655
-136.73732772859597
-139.60588289446957
-133.5393121040711
-124.6216176234241
-124.32820843874657
-125.35232180077908
-124.09549810639196
-121.19960799030571
-123.15607052345186
-120.66173999196738
-127.3697805614475
-137.6376036341302
-145.27109449208902
-149.71074102643823
-156.05902783278594
-148.86834321256578
-132.50864282542642
-129.3439228121722
-142.41242310545175
-148.24987737843747
-156.1667801694342
-151.50633740272008
-141.0425822938685
-157.51512469608176
-156.25659658904672
-143.96703883777076
-146.42457007125506
-141.65091298324415
-133.26423278952484
-139.54246509282711
-145.227879056331
-143.9102341425957
-142.64837112922805
-157.69049676079166
-152.6978120174114
-148.78008826420142
-142.862222356058
-133.74514878515683
-144.26997209498148
-143.41626062199478
-149.71930968166473
-155.251980352974
-149.75124515863786
-146.43659366707828
-150.0592581052034
-165.1506443375568
-158.58027699028486
-141.7832383651607
-151.88976001481205
-153.83392460990407
-147.58823924142828
-149.59417144148694
-150.33774159101733
-134.1575400244235
-131.91614976963407
-143.5222723592535
-141.45121233423677
-138.57731766263365
-120.07144529883558
-124.19693606816196
-142.8462866067178
-148.49758818162954
-158.1942487916677
-156.1341799908572
-153.31655290390555
-153.1717453925137
-157.60702657576545
